6,6
8,8
8,8
6,6
6,6
6,6
4,4
6,4
6,4
6,4
8,6
8,6
6,4
4,4
6,4
6,6
6,8
6,4
6,6
8,6
6,6
6,6
6,4
10,8
4,4
6,6
6,6
14,8
4,4
8,6
8,6
6,6
6,6
6,6
6,6
4,4
10,6
8,6
8,8
4,4
6,4
8,4
6,8
6,6
8,6
8,6
6,4
8,6
4,4
8,6
8,6
4,4
6,4
6,6
6,6
6,6
6,4
6,6
4,4
8,6
6,4
8,6
12,6
6,4
6,6
8,10
6,8
6,6
10,10
6,4
4,6
6,6
8,8
6,4
6,6
10,4
6,6
8,6
6,6
4,4
6,6
6,6
8,8
6,4
10,6
8,8
6,4
6,6
6,6
6,4
6,4
6,4
6,6
8,6
8,4
6,4
4,4
8,8
6,4
8,8
8,6
6,6
6,6
6,6
4,4
10,6
6,6
6,4
6,4
6,4
6,4
4,4
6,4
6,6
6,6
6,4
6,6
6,6
6,6
8,6
8,8
4,4
6,6
8,4
6,6
6,4
6,6
8,6
6,6
10,8
4,4
10,6
6,6
6,6
8,4
6,8
8,6
6,6
8,6
8,10
4,6
8,6
6,6
4,4
10,8
6,6
8,6
8,6
8,6
6,6
6,12
6,6
6,4
8,10
4,4
6,4
4,4
8,8
6,6
8,6
6,4
6,6
10,6
6,6
8,8
6,6
6,6
4,4
6,6
4,4
10,10
6,6
6,6
6,4
6,6
4,4
6,4
4,4
6,4
6,8
6,4
4,4
4,4
6,6
4,4
12,8
4,4
6,4
8,6
6,6
6,6
12,8
8,8
8,6
6,6
4,4
6,6
8,8
4,4
6,6
6,6
6,4
6,6
6,6
6,6
6,4
6,6
6,4
4,6
4,4
6,4
6,6
8,8
10,6
6,4
6,6
10,8
8,6
6,6
10,6
6,4
8,8
6,4
8,6
6,6
10,10
6,6
8,8
8,6
8,6
10,6
6,4
4,4
6,4
6,6
4,4
6,6
6,6
6,4
6,6
6,4
6,4
6,6
6,4
6,4
6,4
6,6
4,4
6,6
6,6
6,6
6,6
6,6
12,12
6,8
8,6
10,8
6,4
6,6
6,4
4,4
6,4
6,6
6,6
4,4
10,8
10,8
10,8
6,4
6,6
6,4
8,8
10,6
8,6
10,8
6,6
6,6
4,4
4,4
6,6
6,4
6,4
6,6
4,4
6,6
6,4
6,4
6,4
4,4
10,6
6,4
8,6
10,6
6,6
6,6
8,6
10,10
8,6
6,6
6,6
6,6
6,8
8,6
6,6
8,6
12,12
6,4
8,6
4,4
6,6
6,6
8,8
6,6
6,4
4,4
6,6
6,6
6,8
4,4
10,6
6,6
10,10
6,4
6,8
8,6
6,4
6,6
12,8
6,4
4,4
6,8
6,4
6,4
4,4
6,6
6,6
6,6
10,8
8,6
8,6
14,12
6,4
6,6
6,6
6,6
6,6
6,4
6,4
8,8
6,6
8,8
6,4
6,4
10,6
6,6
6,8
10,6
8,6
12,10
6,4
6,4
6,4
6,6
6,4
6,4
4,4
8,6
6,6
6,6
4,4
10,8
6,6
6,6
6,6
4,4
6,6
12,10
10,10
6,6
6,4
16,14
8,6
6,6
10,10
4,4
6,6
8,6
6,4
8,6
4,4
6,4
14,12
4,4
6,4
6,6
6,6
6,6
6,4
6,6
8,6
6,4
8,6
6,6
4,4
6,6
6,6
6,6
6,4
6,4
6,6
8,6
4,4
6,6
6,4
8,6
6,6
6,6
6,6
6,6
8,6
6,4
4,4
6,6
4,4
4,4
4,4
8,6
8,6
6,4
6,6
6,4
8,6
4,4
6,4
6,6
6,6
8,6
6,4
8,6
4,4
6,6
6,6
6,4
4,6
6,6
8,4
6,6
4,4
10,8
6,6
8,6
4,4
6,4
6,8
6,6
6,6
8,4
4,4
6,4
4,4
6,8
4,4
6,6
10,4
6,6
4,4
6,6
6,4
4,4
12,10
8,6
6,6
6,4
4,4
6,6
6,6
6,4
6,10
6,6
10,6
6,6
10,6
10,8
6,6
4,4
6,4
6,6
8,10
6,6
6,6
12,8
8,8
6,6
4,4
4,4
8,6
6,6
6,6
6,6
6,6
4,4
8,6
6,4
8,4
6,4
6,4
6,6
6,6
6,6
6,6
6,6
8,6
6,6
8,6
6,6
6,6
4,4
6,4
6,4
4,6
10,8
4,4
8,10
4,6
6,6
6,6
6,6
8,6
6,6
8,6
6,4
4,4
6,6
6,6
4,4
8,6
6,6
6,6
6,6
6,6
10,6
6,4
4,4
6,6
10,6
4,4
6,8
4,4
6,8
6,6
6,6
8,6
4,4
6,4
6,4
6,10
6,6
4,4
6,4
6,4
6,4
4,6
4,4
6,4
4,4
6,4
6,4
8,8
6,8
10,6
4,4
6,6
6,6
6,4
6,6
6,4
6,4
10,8
4,4
6,4
6,4
6,4
8,6
4,4
6,4
4,4
6,6
6,4
6,4
12,8
4,4
8,4
6,6
12,8
8,6
6,6
4,4
4,4
12,8
6,6
6,6
8,6
6,6
12,8
6,6
6,4
6,6
14,10
6,6
6,6
6,4
6,4
6,6
8,4
6,6
6,4
12,8
6,6
6,4
4,4
6,6
4,4
10,6
4,4
8,6
4,4
8,6
6,6
6,4
6,6
4,4
4,4
6,4
6,8
8,6
6,6
4,4
12,8
12,6
6,6
8,6
10,6
6,4
8,6
8,6
6,4
8,6
6,8
4,4
6,6
4,4
6,4
6,8
6,4
6,4
6,4
6,4
8,6
8,6
8,6
10,6
8,6
12,8
6,6
4,4
6,4
4,4
6,6
8,8
6,6
4,4
6,6
6,8
6,4
4,4
8,8
6,6
6,4
6,4
6,6
4,4
4,4
6,6
12,8
6,4
6,6
4,4
8,6
10,6
4,4
6,6
8,4
6,6
6,4
6,4
6,6
6,6
6,6
14,8
8,8
6,6
8,6
8,6
4,4
8,4
6,6
6,4
6,6
6,6
6,6
4,4
10,10
4,4
6,4
6,6
6,6
6,6
8,8
4,4
4,4
6,6
4,6
6,4
12,8
8,6
6,4
6,4
6,4
6,4
10,6
6,4
6,6
4,4
4,6
6,4
8,8
6,4
6,6
8,6
6,6
8,6
6,6
8,6
6,6
6,6
6,4
4,6
6,6
8,6
6,4
4,6
6,6
6,6
8,6
6,6
6,6
6,4
6,6
6,6
8,6
6,6
10,8
20,10
6,4
4,6
6,8
4,4
12,6
6,4
6,6
4,4
6,6
12,6
4,4
10,6
6,6
10,8
6,6
4,4
10,8
10,6
6,4
8,6
8,8
6,6
6,6
6,6
6,4
4,4
6,6
6,6
12,6
12,10
8,6
14,12
8,8
6,6
6,6
6,4
6,4
6,8
6,6
8,4
6,4
6,6
6,6
4,4
6,4
6,6
6,8
6,6
8,6
8,6
6,6
6,4
14,8
4,4
8,6
6,6
4,4
10,8
8,8
8,6
6,6
8,8
4,4
8,8
4,4
8,8
6,4
12,8
6,4
6,6
6,6
4,6
4,4
6,4
4,6
8,6
8,10
6,4
4,4
6,4
6,4
10,6
4,4
10,6
6,4
6,6
12,6
10,10
4,4
6,6
10,8
8,6
6,6
4,4
10,8
4,4
6,6
10,8
4,4
6,4
4,4
6,4
8,6
6,6
4,4
8,6
4,4
8,10
6,6
6,6
8,6
8,6
8,4
6,6
8,6
6,6
6,4
6,6
6,6
6,6
14,8
8,6
6,4
6,6
6,6
6,8
6,6
10,10
6,4
6,6
6,4
6,4
4,4
8,6
10,6
6,6
10,6
6,4
6,6
6,6
6,4
8,8
6,4
6,6
6,4
8,6
6,4
6,4
4,4
6,4
6,6
10,6
10,8
6,4
6,6
6,4
6,6
6,6
6,6
6,6
6,4
6,6
6,4
4,4
6,6
6,6
6,6
6,4
8,10
6,6
6,6
12,6
6,6
6,6
6,4
6,6
6,8
12,6
6,6
6,6
6,6
6,6
6,6
6,4
6,4
8,8
6,4
6,4
8,6
6,6
6,6
6,6
12,8
4,4
6,4
6,4
6,6
4,4
8,6
10,10
8,4
6,6
6,6
6,4
4,4
6,6
4,4
6,4
4,6
8,8
6,6
6,4
6,4
6,6
6,6
10,6
8,6
4,4
6,6
6,4
8,10
8,8
6,6
8,8
8,8
6,6
6,6
8,6
6,6
4,4
8,6
6,6
6,8
4,4
6,6
8,8
4,4
