6,6,4
6,10,4
8,14,6
10,14,4
8,10,4
8,4,4
14,10,6
12,12,6
8,10,4
14,16,6
14,16,6
8,14,4
8,10,4
6,8,4
10,10,4
8,6,4
10,16,6
6,14,4
6,10,4
6,10,4
8,12,4
6,10,4
8,16,4
14,18,6
8,10,4
8,10,6
10,12,6
6,12,4
10,12,6
6,10,4
6,4,4
6,8,4
10,12,4
6,8,4
10,14,6
6,10,4
8,16,6
8,8,4
10,14,6
8,14,4
6,6,4
8,12,4
8,16,6
14,12,6
10,8,4
6,10,4
8,12,4
8,8,4
6,12,6
6,14,4
10,12,4
12,10,4
20,14,6
6,14,4
12,14,6
6,8,4
6,8,4
8,6,4
8,16,4
8,8,4
6,12,4
14,12,6
8,8,4
12,4,4
8,14,4
6,10,4
6,8,4
8,12,6
10,8,4
6,6,4
10,10,6
6,16,4
10,6,4
6,4,4
6,10,4
6,4,4
8,8,6
8,16,6
6,10,4
10,16,6
8,8,4
8,14,6
10,12,4
4,6,4
8,8,4
10,8,4
6,10,4
8,14,4
10,4,4
8,4,4
6,8,4
12,12,4
8,12,4
6,16,4
8,8,4
8,12,4
8,12,4
8,16,6
8,14,4
8,10,4
8,14,4
6,8,4
8,12,6
10,8,4
8,12,4
12,16,6
8,6,4
8,12,6
6,14,4
8,10,4
14,16,8
6,14,4
8,14,8
6,10,4
6,8,4
8,12,6
14,16,6
6,8,4
8,12,4
6,10,4
6,8,4
8,12,4
14,12,6
8,8,4
6,12,4
8,10,4
8,12,4
8,8,4
8,12,4
6,10,6
8,16,6
10,6,4
8,6,4
12,18,6
6,12,4
10,16,4
14,14,6
6,14,4
8,14,4
8,12,4
8,16,4
6,8,4
6,8,4
14,12,4
8,12,6
6,10,4
8,10,6
8,4,4
8,16,4
12,10,6
8,12,4
8,10,4
8,8,4
14,6,4
6,4,4
8,8,4
8,10,4
6,18,4
8,12,4
8,10,4
6,4,4
8,12,4
8,10,4
12,12,6
8,6,4
6,4,2
12,12,4
4,12,4
8,18,6
8,10,4
12,16,6
6,8,6
10,20,6
6,12,4
6,10,4
8,16,6
8,10,4
8,14,6
6,10,4
14,8,6
8,10,4
10,16,4
8,12,4
8,12,4
8,12,4
6,12,4
12,12,4
8,14,6
8,12,6
14,14,6
14,14,6
8,12,6
6,12,6
12,12,6
6,10,4
6,6,4
14,10,6
8,8,4
6,12,4
6,8,4
8,10,4
8,12,4
8,14,6
6,10,6
8,6,4
8,8,4
14,16,6
8,12,4
6,8,4
8,4,4
8,8,4
8,14,4
8,6,4
14,12,4
12,18,6
8,12,4
6,16,4
8,12,4
14,14,6
8,6,4
8,8,6
8,4,4
6,10,4
6,18,4
14,12,6
8,8,4
8,16,8
8,8,4
6,8,4
18,14,6
8,12,6
18,14,6
8,10,4
12,12,4
14,12,4
6,20,6
6,12,4
10,14,6
8,12,4
10,10,6
8,12,4
8,12,4
6,16,4
8,8,4
6,4,4
12,12,6
6,6,4
10,16,8
6,10,4
6,10,4
8,8,4
8,16,6
8,12,4
8,8,4
10,18,6
8,12,4
8,16,6
8,6,4
12,8,4
6,14,4
12,12,6
12,6,4
8,16,6
8,12,6
6,14,4
16,16,8
8,14,4
8,16,4
6,10,4
6,12,4
6,12,4
6,6,4
10,14,6
6,14,4
8,6,4
6,8,4
6,14,4
8,14,4
8,6,4
8,6,4
6,12,4
10,6,4
10,12,8
6,4,4
6,6,4
8,12,4
8,14,4
6,14,6
6,8,4
8,14,4
6,14,6
10,8,4
6,10,4
8,8,4
4,12,4
6,8,4
12,10,6
6,14,4
10,6,4
8,14,4
10,16,6
10,12,4
10,6,4
8,14,4
12,10,4
6,8,4
8,14,4
6,10,4
6,8,4
6,12,4
8,16,6
6,6,4
16,12,8
16,8,6
6,10,4
8,14,6
8,16,4
6,10,6
8,14,6
12,12,6
6,16,4
8,10,4
8,18,4
8,12,4
10,12,4
8,16,6
8,14,6
8,14,4
8,16,6
6,4,4
6,18,4
8,14,4
10,12,4
6,10,4
6,12,4
6,10,4
8,10,4
8,12,4
8,6,4
6,16,4
8,12,6
12,12,6
8,10,4
6,12,4
6,14,4
10,14,6
8,6,4
14,16,8
12,8,4
12,8,6
8,20,6
6,8,4
6,6,4
12,4,4
10,8,4
8,12,6
14,18,6
14,14,4
8,6,4
6,8,4
10,18,6
12,14,6
14,10,4
12,14,4
8,8,4
8,6,4
12,18,6
6,8,4
6,8,4
10,10,4
8,8,4
6,8,4
6,8,4
8,14,4
8,12,4
8,6,4
6,8,4
8,6,4
10,4,4
8,12,4
6,16,6
8,8,4
6,4,4
6,12,4
10,14,6
8,14,4
10,14,6
8,16,6
10,12,6
8,10,4
8,12,6
6,6,4
8,14,4
8,14,6
8,8,4
8,10,4
6,10,4
12,14,6
6,8,4
6,12,4
4,6,2
6,12,4
10,12,4
12,12,6
8,8,4
6,6,4
8,4,4
10,12,4
6,10,4
8,14,4
12,6,4
6,10,4
8,12,4
6,8,4
8,14,6
6,14,4
10,10,4
6,12,4
14,12,6
6,10,4
8,14,4
6,16,4
12,12,6
8,12,4
8,8,4
10,12,6
8,8,4
6,8,4
6,12,4
6,4,4
6,12,4
8,6,4
6,14,4
10,18,6
6,14,4
10,10,4
12,16,6
6,12,4
6,8,4
6,10,4
6,14,6
6,8,4
8,10,6
8,10,6
6,12,4
8,10,4
6,12,4
6,12,4
16,12,6
6,12,4
8,10,4
10,12,4
10,12,4
8,12,6
16,6,4
10,10,4
8,16,4
6,12,4
14,18,6
14,8,4
14,12,6
6,10,4
10,8,4
10,12,4
8,6,4
6,4,4
8,10,4
8,16,6
6,14,4
10,14,4
8,12,4
6,12,4
12,20,4
6,10,4
8,8,4
8,8,4
8,10,4
6,12,4
8,12,4
6,8,4
10,12,6
8,10,4
6,12,4
8,10,6
10,10,4
8,12,6
8,14,4
6,12,6
8,12,6
6,10,4
6,4,4
8,10,4
6,6,4
6,12,4
8,12,4
8,8,4
12,12,6
8,6,4
8,12,4
6,18,4
10,14,6
4,12,4
6,8,4
8,10,4
8,6,4
8,8,4
8,18,6
8,8,4
8,14,4
6,12,4
6,14,4
8,14,4
6,6,4
8,10,4
8,12,6
8,12,6
8,10,4
14,6,6
8,12,4
10,12,6
8,8,6
8,14,6
6,10,4
14,14,6
8,8,4
6,6,4
6,6,4
8,8,4
6,16,4
6,10,4
12,16,6
12,12,4
8,8,6
8,10,4
6,14,4
10,10,4
8,12,4
10,10,6
6,6,4
10,14,4
8,12,4
14,16,6
6,10,4
6,8,4
6,8,4
8,20,6
8,12,6
6,6,4
8,8,4
6,12,4
12,12,4
12,16,8
8,8,4
8,6,4
6,8,4
8,12,4
10,10,6
8,14,4
8,6,4
8,10,4
6,12,4
10,16,6
6,8,4
8,8,4
8,16,4
8,14,6
6,4,4
16,6,6
6,10,4
8,10,4
10,20,6
8,6,4
6,14,4
6,8,4
4,8,4
8,8,4
8,14,6
6,4,4
8,14,6
16,12,6
8,12,4
10,8,4
6,14,4
8,10,4
8,12,6
8,12,6
8,14,4
8,14,4
6,8,4
8,6,4
12,16,8
6,12,4
6,14,4
8,14,4
6,6,4
6,14,4
6,10,4
8,10,4
8,18,6
6,16,4
6,16,4
8,12,6
8,14,6
6,10,4
8,8,4
8,10,8
6,16,4
8,14,4
6,12,4
6,10,4
16,16,6
6,6,4
10,10,4
10,16,6
10,12,8
10,12,6
8,8,4
8,12,4
6,6,4
8,14,4
4,4,4
8,8,4
6,4,4
10,14,6
8,8,4
6,8,4
12,14,6
6,6,4
8,16,4
10,14,6
10,20,6
14,14,4
8,12,4
12,14,8
8,8,4
8,10,4
8,18,6
10,10,6
12,16,6
8,8,4
8,14,4
6,8,4
6,10,4
12,18,6
8,6,4
8,10,4
8,10,4
8,10,4
6,12,4
8,14,6
8,10,6
8,14,4
6,6,4
6,8,4
12,10,6
10,12,6
8,10,4
8,8,4
6,12,4
12,12,6
10,10,4
10,14,8
8,10,6
10,10,4
6,10,4
10,8,4
6,12,4
6,14,4
6,12,4
6,12,4
6,6,4
6,6,4
6,10,4
10,10,4
12,16,4
12,10,4
6,12,4
6,6,4
10,18,6
8,8,4
8,16,6
10,10,4
12,12,6
8,18,4
12,12,6
8,12,6
6,10,4
8,12,8
8,12,4
8,6,4
6,8,4
8,12,4
8,14,6
8,12,4
12,22,6
8,8,4
8,12,4
8,18,6
16,8,6
8,10,4
14,12,8
4,14,4
6,10,4
6,4,4
6,8,4
8,10,4
10,12,4
10,10,4
6,6,4
8,12,6
8,8,4
10,16,6
12,14,4
12,12,4
10,10,4
6,14,4
8,8,6
10,4,4
8,12,4
8,10,4
10,18,6
8,10,4
8,16,6
6,10,4
6,8,4
8,10,4
10,16,6
8,14,4
8,10,6
8,12,4
8,16,6
8,4,4
6,10,4
16,18,6
4,8,4
12,16,6
8,16,4
8,6,4
8,12,6
12,10,4
6,12,4
12,14,6
6,12,4
4,10,2
8,10,6
18,14,6
6,4,4
6,12,6
6,10,4
6,14,6
6,4,4
10,12,4
6,6,4
10,10,4
8,14,4
6,12,4
10,12,6
8,12,6
6,10,4
10,14,6
6,4,4
8,8,4
10,8,4
14,18,6
8,8,4
6,4,4
6,10,4
8,12,4
8,12,4
12,10,4
8,12,4
6,12,4
8,8,6
6,8,4
16,6,6
6,12,4
8,10,6
10,8,4
6,16,4
6,8,4
10,10,6
8,12,6
8,4,4
6,16,4
8,6,4
6,10,4
8,8,4
6,12,4
4,6,2
8,6,4
10,8,4
8,10,6
8,12,4
8,12,6
6,6,4
8,16,6
10,10,4
8,12,6
6,6,4
8,10,4
6,10,4
8,8,4
12,14,6
18,20,8
18,16,6
6,10,4
8,6,4
6,12,4
8,10,4
12,12,6
10,8,4
6,12,4
10,12,4
8,12,4
14,10,6
8,8,4
6,12,4
6,8,4
8,16,4
8,18,6
8,8,4
6,12,4
6,8,4
8,18,6
8,6,4
6,10,4
8,14,6
8,16,6
6,6,4
8,14,4
14,14,6
6,8,4
6,8,4
12,14,8
12,12,6
8,10,6
10,8,4
8,10,4
8,14,6
8,4,4
8,14,4
6,12,6
8,12,4
6,8,4
12,10,6
8,12,4
8,8,4
6,14,4
8,6,4
6,10,4
12,4,4
8,12,4
10,12,8
10,12,4
8,12,6
6,12,4
8,12,6
6,14,4
6,12,4
8,10,6
8,12,4
8,10,4
6,12,4
6,10,4
8,12,6
8,8,4
8,12,6
4,8,4
8,12,6
6,6,4
8,12,4
8,12,4
6,8,4
6,4,4
6,14,4
6,10,4
6,8,4
8,12,4
6,14,4
8,10,4
6,12,4
14,14,6
8,14,4
12,12,4
10,14,6
8,10,4
8,10,4
14,14,8
8,12,4
8,10,4
8,12,4
4,10,4
8,14,6
8,8,6
6,12,4
10,12,4
6,8,4
6,16,6
8,16,6
8,18,4
10,10,4
10,6,4
6,10,4
6,6,4
8,12,4
6,10,4
16,18,6
6,16,4
10,14,4
8,12,4
12,14,6
8,6,4
8,18,6
6,10,4
14,16,4
8,10,4
6,6,4
6,12,4
6,14,4
6,4,4
8,10,6
6,10,4
10,14,6
6,8,4
6,10,4
12,12,6
6,8,4
10,8,6
8,6,4
12,10,4
8,8,4
8,8,4
8,6,4
6,10,4
8,6,4
10,20,6
8,16,6
8,10,4
6,8,4
6,12,4
6,14,4
8,12,4
8,12,4
10,14,6
6,12,4
10,14,4
10,10,4
8,10,4
6,12,6
6,12,4
6,10,4
8,10,6
12,10,4
12,8,4
10,10,6
8,14,4
8,10,6
8,12,4
8,10,4
8,6,4
6,6,4
8,10,4
14,12,4
10,14,6
8,8,6
8,12,6
12,18,10
6,8,4
6,12,4
10,12,6
8,12,4
22,14,8
8,8,4
14,14,6
10,10,4
10,12,6
6,10,4
8,12,4
16,10,6
14,10,4
8,12,6
10,16,4
10,20,6
10,10,4
6,10,4
12,12,4
6,12,4
8,12,6
8,6,6
16,12,6
8,6,4
8,6,4
6,14,4
6,8,4
8,10,4
6,14,4
8,6,4
6,10,4
6,4,4
12,8,4
