6,6
12,10
6,6
8,8
6,6
8,8
4,4
4,6
6,6
6,8
6,4
6,4
8,6
8,6
4,6
6,8
8,6
6,4
8,6
8,6
6,6
4,4
6,4
10,10
6,6
8,8
6,4
6,6
8,8
6,6
6,6
6,4
12,8
8,6
4,4
10,8
10,8
4,4
6,6
8,8
6,6
8,6
6,6
10,8
6,6
8,6
14,8
10,8
8,8
10,10
4,6
6,4
8,6
6,6
6,4
6,6
6,6
6,6
8,6
6,4
6,6
8,8
6,6
6,4
6,6
14,8
4,6
6,6
6,8
8,8
8,6
6,6
8,8
4,6
6,6
6,6
6,6
6,4
6,4
6,4
6,6
6,6
8,8
10,8
10,8
6,8
6,6
6,6
4,4
6,6
8,6
8,8
4,6
6,6
6,6
6,8
6,6
6,4
4,4
6,6
4,4
6,6
8,8
10,8
4,4
6,4
8,6
6,6
4,6
4,6
6,6
6,6
6,6
6,4
12,10
12,8
4,4
6,4
8,8
6,6
4,6
6,8
8,8
6,6
6,4
6,8
6,8
6,4
8,6
6,4
6,6
12,8
6,10
6,6
12,8
4,6
8,6
8,4
6,4
6,8
6,6
10,8
4,4
6,4
6,6
6,6
8,8
8,6
4,4
8,8
8,6
6,6
6,4
6,6
6,4
8,8
4,4
6,6
6,4
6,6
6,6
6,6
4,4
6,8
4,4
6,6
6,6
6,8
6,6
4,4
6,4
6,6
6,8
6,4
12,6
12,6
8,6
6,4
6,6
12,8
6,4
4,4
6,6
6,8
6,8
6,4
8,6
10,10
6,8
6,6
6,4
6,6
4,4
10,8
8,8
6,6
8,8
6,6
6,4
4,4
18,10
6,6
6,6
6,4
8,8
6,4
6,6
6,4
6,6
8,10
8,6
6,6
8,8
4,4
4,4
6,6
8,8
8,6
4,4
14,6
8,6
10,6
6,6
8,6
6,4
8,4
12,10
8,8
6,6
6,6
8,8
4,6
8,6
4,4
8,8
6,8
6,4
6,6
6,4
6,4
10,8
12,10
6,4
6,4
8,8
6,6
6,4
8,4
6,6
6,6
6,6
8,8
6,6
10,8
4,4
8,8
6,4
12,6
8,6
6,6
8,8
4,6
6,6
10,8
10,10
14,10
6,6
6,6
6,6
4,4
12,8
10,8
6,6
6,4
6,4
10,12
6,6
6,4
4,4
6,4
6,8
6,6
8,6
12,10
8,4
6,6
12,10
10,6
6,6
4,4
4,6
6,6
6,4
8,6
6,8
6,6
6,4
6,4
6,6
4,4
12,10
4,4
8,6
4,4
6,6
6,4
10,10
4,4
8,6
6,4
4,4
12,6
10,8
8,6
6,8
6,6
6,6
6,6
6,4
8,6
6,6
8,4
8,8
6,4
6,4
6,6
4,4
4,4
8,8
8,6
8,8
6,4
8,8
10,8
6,4
6,6
6,6
6,8
4,6
6,4
4,4
8,10
4,4
10,6
6,4
6,6
8,6
6,6
8,4
10,6
6,4
4,4
10,8
10,6
6,4
6,6
6,6
6,4
6,6
4,4
4,4
8,4
4,4
8,8
8,4
6,6
6,8
4,4
6,4
4,4
6,8
10,6
8,8
8,8
6,4
18,12
8,6
4,6
4,4
14,12
6,4
8,6
6,4
8,6
6,10
6,10
4,2
6,10
14,8
6,4
8,6
4,4
6,4
8,8
10,8
8,8
6,6
6,6
4,6
6,6
8,10
6,6
6,6
8,8
6,6
14,10
6,6
4,4
6,6
4,4
8,8
8,6
8,4
6,6
6,4
4,4
6,8
6,6
6,6
4,6
6,8
6,4
4,4
6,6
8,6
8,6
4,4
8,8
6,6
10,8
8,6
10,8
4,4
6,6
6,6
6,4
10,8
6,6
6,4
8,8
6,6
14,8
6,8
8,8
6,6
12,8
4,4
6,6
10,6
10,8
6,8
8,8
4,4
4,6
6,4
12,10
8,6
4,4
6,4
6,8
4,4
4,4
8,6
6,4
6,4
8,8
6,6
12,10
8,6
6,4
6,4
4,4
4,4
6,6
8,4
4,4
10,8
4,4
8,6
6,6
6,4
6,6
8,6
6,4
6,4
8,6
8,6
6,6
6,6
12,10
4,4
4,4
8,8
4,4
6,6
6,6
4,4
12,10
6,6
6,4
6,6
6,6
4,4
6,6
4,4
6,6
6,6
10,6
6,6
8,4
6,6
6,6
6,4
4,4
6,8
6,6
14,8
4,4
4,6
6,6
8,6
6,6
6,4
6,6
8,6
6,4
6,4
10,8
6,6
6,6
12,8
6,8
6,4
8,6
6,10
6,6
6,6
8,8
6,4
6,8
6,4
6,6
8,8
10,12
6,4
6,6
6,6
6,6
10,8
6,8
4,4
6,4
6,6
6,8
6,6
8,6
6,6
6,4
4,4
10,8
6,6
6,4
6,6
6,6
10,10
6,6
8,6
6,6
12,8
6,4
6,6
6,4
6,8
8,8
6,6
6,6
6,6
6,4
4,4
10,6
6,6
8,6
10,6
4,4
6,6
4,4
12,8
10,8
8,8
6,6
4,4
6,4
6,4
4,4
8,8
6,6
6,4
4,4
8,8
8,4
8,8
8,6
6,6
6,4
10,8
8,6
6,6
6,6
6,6
10,8
6,6
6,6
6,6
8,6
6,8
6,6
6,6
6,4
6,6
4,4
6,6
6,6
6,6
6,6
4,4
8,6
8,6
6,6
6,6
6,6
10,10
8,6
6,4
6,6
6,6
4,4
6,8
6,4
4,4
6,4
10,10
4,4
4,4
6,4
8,8
4,4
6,8
6,4
8,8
6,6
6,6
8,4
8,6
6,4
4,4
8,6
6,8
6,4
12,10
6,6
6,6
4,4
4,6
6,6
4,4
6,6
8,10
6,4
6,4
8,8
6,6
6,4
6,6
6,6
4,4
8,8
8,8
6,6
4,4
8,6
6,4
8,8
6,6
6,4
10,6
8,4
4,6
4,4
8,6
4,6
6,6
4,4
8,6
12,8
4,4
8,8
6,6
8,8
6,6
4,4
8,6
8,6
6,6
6,6
6,6
6,6
12,10
8,8
8,6
6,8
6,6
8,6
10,8
6,6
4,4
8,8
6,6
6,4
8,8
4,4
6,6
6,6
8,8
8,8
4,4
6,6
6,6
6,4
6,6
6,6
6,6
14,10
6,6
4,4
6,4
12,8
8,6
4,2
4,4
6,8
6,6
8,4
10,10
4,4
4,6
6,6
6,4
8,8
4,4
8,8
6,6
4,4
8,6
4,4
6,4
6,6
14,10
6,6
6,6
6,6
6,4
6,6
6,6
6,4
6,6
4,4
6,4
6,6
6,6
6,6
8,8
10,6
6,6
6,6
6,6
4,4
6,4
4,4
6,6
4,4
6,4
4,6
12,12
8,4
4,6
6,6
14,8
6,8
6,6
6,4
8,6
6,6
12,8
6,4
14,8
6,6
4,4
6,6
4,4
10,8
4,6
4,4
10,10
8,6
8,8
6,6
14,10
6,6
4,6
6,4
8,6
6,6
6,6
10,8
4,4
6,4
6,6
8,8
8,8
6,6
4,4
8,6
6,4
6,6
6,6
6,4
6,6
6,6
4,4
4,4
4,4
8,8
6,6
6,6
6,6
6,6
8,8
6,6
6,4
4,4
8,8
6,6
10,10
10,10
8,6
6,4
8,6
6,6
4,4
6,6
6,8
4,4
4,4
4,6
6,6
6,6
6,4
6,4
8,6
6,4
8,8
6,4
4,6
6,8
10,6
12,8
4,4
6,4
6,6
6,6
6,6
6,8
6,4
6,4
6,8
12,10
6,6
4,6
6,8
6,6
6,6
4,4
8,6
6,6
6,6
8,8
4,6
8,6
6,6
6,4
10,6
6,6
6,6
8,8
6,4
6,4
6,4
6,8
6,6
8,6
6,6
4,4
10,10
12,8
12,6
8,8
4,6
6,6
6,4
6,6
4,4
8,6
6,8
6,6
16,12
14,8
6,6
6,4
8,6
8,8
6,6
4,4
8,8
6,6
6,6
4,4
4,4
6,6
6,4
4,4
8,8
6,6
8,8
4,4
6,4
6,4
6,6
6,6
12,10
6,6
8,8
8,8
4,4
6,6
8,8
6,6
16,8
6,8
6,6
4,4
6,6
4,6
6,8
4,4
8,8
8,10
4,4
6,4
4,4
6,4
6,6
8,8
6,6
6,6
6,6
8,6
8,10
4,4
6,4
6,6
6,6
6,6
10,10
6,6
10,6
10,6
12,10
10,10
6,4
8,6
6,8
6,8
8,6
8,8
10,6
6,6
6,6
8,8
8,6
6,8
6,4
12,6
8,8
6,6
4,6
6,6
10,8
6,8
6,4
4,4
