0.3680782595311549,0.6605459104094198,0.923844881300399
0.3937824889399801,0.6836651387894682,0.9167387536921696
0.3932469426887679,0.533345524632975,0.7232866730698939
0.5241118239836774,0.407952351436067,0.9393580931597638
0.4263026508671872,0.44180214213492286,0.8287393581082196
0.22733676005896664,0.7035501699291775,0.941233975017723
0.3962051611828949,0.5878608474926477,0.798156165311238
0.3760783765635259,0.6253585861659645,0.8878364245539971
0.3602285383438673,0.47108338545481193,0.9320852816626652
0.4487378814183738,0.5897564696610247,0.8424260838204787
0.20745754544652542,0.9109763736218769,0.9109763736218769
0.24965890860465864,0.4770646343886766,0.7757598534693407
0.4539280921953693,0.36056675339005423,0.8600965986116569
0.35560954888622515,0.6516155281230355,0.9272589150920778
0.25168125227247107,0.5825235118973272,0.8301601047401831
0.2898294863562335,0.3945882374987633,0.7993657003913107
0.3589658110281275,0.4401609594470952,0.9199026059383151
0.23715069888052623,0.44510505792862,0.6669435525782271
0.45912707436555633,0.7537360545220677,0.8549723132679223
0.4374309815986871,0.556627050912826,0.9654612370617157
0.34311632240671847,0.7230129767045405,0.8970274667930047
0.43847514079977334,0.622641510526748,0.8652596301840054
0.21795619252206497,0.4494317573018253,0.8465423078504569
0.3631657340758244,0.658901392634598,0.8977563331633982
0.2290082649614221,0.5220584725322164,0.8670628979277841
0.4759770723074815,0.702622656435004,0.876239488127698
0.31305278676028186,0.8702681545715087,0.8702681545715087
0.3377041143581388,0.4722981755698171,0.7417118466458378
0.3257145921803468,0.5740271946873184,0.8735177947045061
0.32547019883501704,0.31717314505110994,0.8061821467905075
0.3614827894275512,0.5437760247282,0.8116106896053359
0.3953240402796612,0.3854444548200175,0.824891239398336
0.3250774346532511,0.5038572881540428,0.8205722614378563
0.37627913009369,0.4746043434719083,0.8084529712807713
0.5021998147646616,0.4912588568008425,0.9211479761151888
0.39629849687071395,0.4422839316035255,0.8223678475267396
0.3437623000785174,0.6222850709344581,0.8538842088873271
0.4142686367839688,0.679218540667323,0.8219947809125028
0.24277273362359808,0.45604093177776983,0.8099415729792894
0.3447686205840394,0.44382199305248804,0.9803775055303849
0.33758370113684966,0.8493143643341359,0.8463451644419439
0.48382945582303244,0.5157718194743962,0.9376908647152262
0.4108837721573527,0.520994354949654,0.9668774915370266
0.39784447922502447,0.6140602227726505,0.8566060157775718
0.28849757885337707,0.4182158977314397,0.9187423071587912
0.33174794854357026,0.5935621600285916,0.7242703608912398
0.38017019024621296,0.8008182700466587,0.9403005507977573
0.3278214283334887,0.5653476074462844,0.8472695420418913
0.408969979172213,0.5653499054483863,0.797890029167577
0.39871975265423937,0.5833638708622486,0.8609207753785845
0.3297574396097612,0.5077588169459469,0.8770772251820779
0.4088970395209439,0.6085719153338355,0.9709512535920949
0.3713179140582963,0.7679452508151887,0.7744265608963308
0.23163903673945777,0.5136095698479177,0.980529813479184
0.3665521372622188,0.512226047001931,0.8798656693675729
0.4422117410030125,0.36891936240375034,0.9399253380960935
0.43755108833710016,0.6339359980516555,0.8249097075751501
0.36136760867948264,0.7010405981929113,0.7010405981929113
0.234575393041226,0.54460989202636,0.7788305789588944
0.30512332800091463,0.6128987383061206,0.9578640776607317
0.40834816321302964,0.7510509548116794,0.9493490682704755
0.3964208317512923,0.7583187375125133,0.722698501159524
0.3177675534395515,0.5509982654550656,0.8387648214712675
0.3955405737635258,0.40111238009241784,0.9674293611405731
0.41502332510365003,0.6834638785046006,0.9983724830449625
0.33529554346958423,0.6418482905456684,0.8469314680192016
0.40148038592047913,0.34288629022696376,0.9191245910204247
0.5746379070458439,0.7803389751139163,0.980964163337202
0.36706760851503717,0.4233117551736403,0.9780231649847717
0.40380927481618584,0.6160840504936428,0.9117270294059221
0.4355101915496191,0.4668275232332274,0.9014292101892056
0.40781537834709375,0.6103845788471165,0.898496291914037
0.40096992515439994,0.6158406584898405,0.8051641535271359
0.2786724284814643,0.8617102245715724,0.8617102245715724
0.45701779648909524,0.7510399264573102,0.9767242041301408
0.33707931000285596,0.46547072624242425,0.8333090766395675
0.483961781891814,0.538012714322138,0.8696365600842026
0.3624691121554887,0.6017336830146793,0.8823861055894462
0.27301338230623146,0.555666339513362,0.9043902160245467
0.36147251103774003,0.7268514907614604,0.8712165447999707
0.41916411873700277,0.75252358513566,0.858748117708067
0.24491444668541112,0.47368503509072213,0.7172177502112204
0.3814905659550709,0.6437366312568272,0.928871173358001
0.38602412159903143,0.7411399738523201,0.8885771385507967
0.38201437601055144,0.8029997528384865,0.8027797689250853
0.31763714200686954,0.6047503060373278,0.830355971243036
0.22518913240180977,0.7978320249979307,0.8336110267619351
0.40515039480989173,0.6478186521732806,0.9574061209028328
0.35866341897788345,0.6389210811669673,0.9460377933244111
0.363595505249669,0.3925591913206942,0.7459113017802319
0.4941712758517749,0.7348286115523566,0.8594896084317217
0.25446070327671544,0.5374336117110199,0.7767498877684305
0.30207620415512426,0.3986296616004777,0.8385548669905186
0.3945084525003857,0.49287950383312884,0.9578133482510434
0.3745422157896937,0.5332381034586117,0.9180039037294232
0.4370256131529573,0.442044734822735,0.6240833116407115
0.2395171665893474,0.6932639505128421,0.9267681749215486
0.37048330302797405,0.41408764841622087,0.9621385522192378
0.328697437160373,0.7467598663532492,0.9156839441213402
0.2715213050003468,0.4580051650346588,0.948411085827144
