0.7039172813520043
0.8578367529702045
0.8532334779952808
0.7292116292947164
0.7937070130015487
0.7712671728943463
0.9193015000321573
0.860017856269355
0.7479137818178289
0.8849892620669415
0.8103060098880592
0.8380348380585663
0.9087191750157553
0.7992079255689424
0.9487386936670594
0.9318306625907273
0.7926095298156133
0.907664622112483
0.8293057813392588
0.7789354115091307
0.9010697881636356
0.8861943800747047
0.8325039644026517
0.8486749303612005
0.8281681155331703
0.8272020032981213
0.799532465133999
0.7420458818988274
0.8690770733773335
0.8069261733348321
0.8406740771787978
0.8291526578771913
0.7593159119799051
0.9084045230321092
0.9685611460607857
0.8754424770122642
0.9824047928949017
0.9116068518977998
0.8419402243321328
0.8199313618727619
0.8768295887514789
0.8381369141326657
0.7812781296934995
0.8427136560708945
0.8160704122715506
0.821806623450364
0.8395784883458897
0.8476606154688966
0.7881305780810512
0.8635009240843958
0.8718468961706833
0.8627046905190987
0.9875935127203477
0.8594230958286224
0.8359522240499074
0.855317691294619
0.7742084471961865
0.7736756457698133
0.7806349396287997
0.7836015544935294
0.9940366117621291
0.8303878934913467
0.7413054754056088
0.7343276574761499
0.725035772684709
0.8343937980564186
0.8496935125187816
0.8917397604579742
0.672133262128402
0.775
0.8595821354466109
0.734062335841305
0.8470671075890801
0.8953113058827724
0.8808822147233538
0.9193582484938521
0.7850137361600648
0.7634634856756429
0.9045084971874737
0.8509691731929786
0.8942284487333794
0.900367627183861
0.8841062309573147
0.8039790961609257
0.9659233852081326
0.8485336569335928
0.8612708240627509
0.8071823465634711
0.8328479901222006
0.9116972175692535
0.9056077681788037
0.823880455603103
0.9379122724666683
0.9621403231297962
0.7517070618153872
0.9750050575403701
0.9157605102352718
0.8195683604424808
0.886876382104709
0.8548610921847514
0.8810549690163189
0.9131249609704832
0.8275943948981048
0.7519003058363725
0.897624954373655
0.9044014004339429
0.7731406034919551
0.7696815013269869
0.91330065282806
0.788434595515537
0.807715727140122
0.8540890227023978
0.8099395832301743
0.7466171801480346
0.8354292323306092
0.8421875122562946
0.8322630880049119
0.8005349804381898
0.8957281438129755
0.8339051066135506
0.9367908039027313
0.8334272463033139
0.8727876932853367
0.9000060080389413
0.950587659721381
1.0
0.7132956520598173
0.8700527307228301
0.8603043049441961
0.9367915857602396
0.7991780268459027
0.9173955577813835
0.9407087677791923
0.9081415237997585
0.815207174875775
0.7957690626771774
0.7171107681791608
0.8640950684019648
0.7755492183176285
0.9082112519858829
0.7417652739137373
0.8731890131005653
0.800608233540634
0.7831802113252628
0.7254874205330502
0.8329220893948666
0.9278870753348305
0.9696318632529235
0.8763557399204367
0.9006709596562978
0.9016674239159708
0.9397632200412154
0.8502502553038456
0.9118474179066923
0.8896773596492534
0.7505282110771938
0.9351967990414909
0.8464537723117973
0.8635634227799217
0.8116772040042628
0.7988958434581466
0.8363705237653809
0.7473558040690196
0.7783014153405848
0.879941140855869
0.9319485845619504
0.8312563098544115
0.8546744082583835
0.9278980493878635
0.8269536836680798
0.9239935571697409
0.7632323633590756
0.795601315148861
0.8768937535894907
0.7738254167689773
0.7311237135405175
0.8413284797870387
0.8520822517224977
0.8847532551903147
0.8419403829966428
0.8200444704349399
0.9269696007084728
0.9193930580206918
0.9772350581481422
0.8223731995811769
0.6951024977937914
0.7970503538514561
0.7928571428571429
0.7973485850173063
0.8824489968542557
0.7607027586495962
0.8532144834126459
0.8819026456224973
0.8710081011134476
0.8705614108768601
0.8289826053142675
0.8142080937295739
0.7395155918135548
0.9209386451525958
0.9220919720427846
