0.9232786038234,0.33236851035041715
0.9188570143793247,0.29572594644564176
0.9455714923965683,0.5683806309869427
0.9325243343167595,0.7721231933608426
0.7331743130802515,0.40449818971027857
0.9642395230626009,0.40179742237121835
0.8830144893770053,0.3553164189290143
0.6238070452157258,0.3898794032598286
0.9496960431334752,0.6124771557157827
0.8163584431481237,0.40228781565412186
0.912046792320333,0.5395522076297187
0.9838096010442501,0.46468082510821
0.9244700908266672,0.4427475785763189
0.5925730527575365,0.39504870183835766
0.7793440631765586,0.6161225774765468
0.9243731168599167,0.4706473413213497
0.7536850249963108,0.44905178962474274
0.9635674146783852,0.39825347458856364
0.8219654363645819,0.39321295515888155
0.9178822016090149,0.3287707489411671
0.974693321181977,0.3869235911645574
0.6849059455951515,0.36294409340280853
0.9389059400976718,0.34307136814472805
0.7897759891375671,0.37658068552539337
0.8823810269789611,0.40349034036458625
0.8829306640503881,0.5810198963926879
0.86149424911929,0.5106052807963575
0.8424289947784362,0.4386310104452247
0.7865502992481382,0.37958420096053425
0.7915412680193362,0.36409141808031936
0.95207188442476,0.570690741113204
0.7843523479665867,0.6169823040418919
0.8265922642554572,0.38810167709193255
0.7610643717156625,0.47538659878379563
0.9128657335168773,0.5253149707620784
0.7759560113034042,0.3766309546093147
0.7212214210018275,0.50162420183521
0.7141733243411591,0.2874999301209674
0.8845574062969389,0.46865349278248153
0.7960297847341287,0.6785464518467067
0.8438839635196184,0.3697147057936864
0.6479486338304552,0.43196575588697006
0.7477605676545568,0.3550354763849017
0.8356823928834766,0.3737717696559165
0.8257287248310016,0.550282675428362
0.8253860997756922,0.2547932498502307
0.9150262161250515,0.3696594131444959
0.8426104652551095,0.27097216656655393
0.7937681040759893,0.24310918148246285
0.7762048396190601,0.29110819871620014
0.8143520782126599,0.4325525394995335
0.8092247646695764,0.5661019426005007
0.8554438236734331,0.33461084619870207
0.9110286309609343,0.5705638236977599
0.8559849570566666,0.32503436334980873
0.7765442987120529,0.4174692421119465
0.9073681148938747,0.6546354649840277
0.8640305003243113,0.3817866731535297
0.9219802298175819,0.36608176576871426
0.6802142740438883,0.43043332279652413
0.8097482671470444,0.422113566189026
0.7739883488078635,0.6424489370957729
0.9111812435666485,0.32616712749039867
0.8228041843220716,0.28946252183690657
0.9524655887609976,0.44736079130866435
0.7578094306120366,0.2939802539494936
0.839346999739253,0.6076415063010853
0.8121770025457663,0.32766195512852675
0.8735196318992822,0.5646185740429098
0.9496311628744394,0.4038249336856488
0.9287894457161285,0.440255384224238
0.8272612787071801,0.5916969638718912
0.8938069501414658,0.3186937334828161
0.6686695311341682,0.361049612425376
0.8048024982417411,0.6449082854127368
0.8247404277720732,0.713444488383865
0.8383094804730744,0.4683923529943977
0.7444124342807662,0.40187731538680393
0.7333072135514737,0.3954616013679151
0.8076420442417663,0.4468271678606967
0.8932121233586162,0.37483456426414596
0.970593527065533,0.3206233038119761
0.7678520781343581,0.43076348848374274
0.8554740243924022,0.47257526904885727
0.8571956524498358,0.46928581893341903
0.8005867156418809,0.4212693963352388
0.7408840009330132,0.29407782829185497
0.8914094565717082,0.4418787504085624
0.7890794121377657,0.286906141763269
0.7696021894256511,0.36755233598217263
0.8917962873350042,0.5312712511773595
0.8411619257869911,0.30925283233980505
0.6530272540359415,0.40955406458844507
0.6653306344088721,0.435732102207787
0.7978764614524443,0.4779535024067544
0.9012434941748022,0.4205538930810649
0.8948077944388176,0.305789021526178
0.7702310948205486,0.7702310948205486
0.7615979937308305,0.457078236109652
0.9596622241936474,0.5654056584215884
