0.4383742491710201,0.5870008156681148,0.8330875384771081
0.3836005000794718,0.6043615865654449,0.9187097796830597
0.29320500083710943,0.4559720566494791,0.8717762548740662
0.3694678367162216,0.5159273552671307,0.8966907557364927
0.43673648261404496,0.5241346129563779,0.8060545452990285
0.28416249242797353,0.6686549546211905,0.7744069932088422
0.3094353287986558,0.5794058174281899,0.8196245234196788
0.3457138749567122,0.2915548234523659,0.7290747211649501
0.4250174206041883,0.3153034944768696,0.9265940067421203
0.40304870657005276,0.5060131479964015,0.8312106060472589
0.3370378021090063,0.7330072813543627,0.9199548239019077
0.4032539362114525,0.6303134299855743,0.7649798695629997
0.2850338803545888,0.46753699486534683,0.9181242987542311
0.3206924020595752,0.46781630999382423,0.8926099404894691
0.26026131872514974,0.43744137031875774,0.8782714810715828
0.2064746908135238,0.37310390508640423,0.7016418918984806
0.23134614463542028,0.4730087744117668,0.8913451619987466
0.3439160337855628,0.40351788160114327,0.9130004852122338
0.3289967256055829,0.3720071378027066,0.9369003470582054
0.43800038637799715,0.37833962280285616,0.842445597934657
0.22943812101202896,0.5392713945429534,0.8592533300195283
0.38464781235666784,0.8516146321323071,0.843688373174824
0.43031645792288203,0.5169805548166456,0.8951639210542255
0.4319183988835733,0.5410985909724224,0.8456332689470388
0.313366116057628,0.4510702763857751,0.8819898231199683
0.380797040921916,0.3928907005734495,0.965412715946943
0.35988012227518823,0.5031851124491098,0.8073418586333905
0.3319590600170615,0.5451623248998289,0.8661728066668067
0.4926877231150075,0.5018216660813547,0.9044010110950957
0.2845811556902146,0.3484526221477638,0.7741958746669478
0.2040100739539627,0.6580949174939617,0.8402414322224303
0.21758052340244324,0.4739156597848485,0.782240841223783
0.380898797519833,0.5277988365941585,0.8962578599291038
0.3726554013525391,0.34280977880523544,0.8367275703089785
0.21607852152418608,0.4445682147924535,0.7812320420084848
0.3381487151941101,0.6326368840488761,0.8308445656013029
0.5263675600973491,0.5951323451567043,0.983479641692838
0.3775699839091488,0.724078605210515,0.9044546638916774
0.32977013164645597,0.6930356944464814,0.819329365572803
0.37795618976576784,0.5871587051553394,0.8145713865081313
0.4329205127116529,0.600013970072211,0.9248131202075236
0.37447374633845104,0.5203329554580972,0.9249377069461507
0.3905552198192596,0.5113320880024232,0.7940968250238628
0.3386925786953894,0.5221167412136226,0.867565174327044
0.36947495446544293,0.8095471167196349,0.8118382389891758
0.2960831437070846,0.32999719094366575,0.816925674348149
0.20356341101056002,0.4045090201796338,0.8285745208833664
0.2550876445885593,0.6112761118579865,0.8290465997386676
0.3454248925691353,0.5575136755350182,0.926161942789982
0.38261272365165416,0.5474453450455905,0.8201778543758831
0.24804635270550848,0.33678596431314384,0.8462782851053129
0.21192040525771577,0.3160252181734762,0.8619560713374649
0.37405354372349703,0.5991650933593908,0.935714894861544
0.24469569160969526,0.5489188960018875,0.8507428965477698
0.38433162970095636,0.4012685740295994,0.976148051575441
0.3007866779483077,0.3929314769752078,0.8812806535247458
0.4508141056290298,0.6394738166891571,0.9024254505583624
0.2126715299540001,0.39658693008208445,0.856312026340018
0.38718263151854676,0.5987352897991984,0.8025413769689198
0.33934672821906287,0.49183922395455093,0.8594300112691672
0.35102647045254765,0.4078121412792495,0.7785057150919585
0.41673455235612095,0.5888949465827739,0.8037060950998856
0.4242065471794765,0.6500386752779882,0.8465393087721645
0.31584753853330155,0.39452205395207945,0.7333600894810299
0.20198416854288115,0.7282904808751538,0.9621375906786345
0.3158329328856918,0.4976100762445794,0.811254327847668
0.43985424177625126,0.6845838499278342,0.83306154103832
0.3328469517822087,0.7824184154237357,0.959614368879852
0.4085296087622959,0.37343033073094717,0.8904043906143799
0.4414595793139828,0.4667436432126093,0.9296902374607858
0.45277867854691867,0.4168752548438559,0.8938036719618757
0.36765527108003293,0.5151843259445608,0.8774969565810773
0.540172738202388,0.6149726855847734,0.7412854768491142
0.44821355101619287,0.4379580742077434,0.9670915035320886
0.38095494001406033,0.5537858056890004,0.8493771335531676
0.4489729494683474,0.4729434258483732,0.9413874747456761
0.3685893091182284,0.7929012506478945,0.8039943015701083
0.40867293963686985,0.4871421679222107,0.9833697554046359
0.4739057589705795,0.7403921802604577,0.9225645184052386
0.2697889733599582,0.6604886708007308,0.8849998606691942
0.4769596156081073,0.45548816451025803,0.8769773300964425
0.37713982170202925,0.5422353303269989,0.8037695823210358
0.3632310029919222,0.5790201132733133,0.9372858775712509
0.3818465904449188,0.7317512407418799,0.8739339566242722
0.43708070373810665,0.6142229856082944,0.8551883290176681
0.3860426050974424,0.42555292873181755,0.9698440207380166
0.35839873636336617,0.5389329935690974,0.935695702387089
0.41546431397170447,0.3909757074229594,0.9331605222578659
0.30367485897447255,0.5842118655212414,0.9544169302974781
0.3578496682686664,0.27263570076142285,0.9405973226304136
0.29535688153442924,0.46187114499690063,0.8111156267269831
0.2314407930057655,0.4950149136497124,0.9237180845126196
0.4125559950093072,0.6066616586721667,0.9033799159394542
0.4611461474883692,0.5234085311056524,0.8673820838496598
0.3919487833516887,0.5547666493241451,0.9098723293567859
0.31636330806816776,0.817391657627301,0.817391657627301
0.3641668332272406,0.4467458290549974,0.9511696564574958
0.3338505090214846,0.5526553761581509,0.8749146613917268
0.34199457123440447,0.3684556623100548,0.9152391943288012
0.44089690727040837,0.3579095222494556,0.8754147778651016
